# dnet
# From the Magic Point Shop https://people.cs.kuleuven.be/~dirk.nuyens/qmc-generators/
2 # base
5 # dimensions 
4294967296 # supports 2^32 points
32 # maximum bits in an integer 
# The columns of gen. matrices C_1, ..., C_s, one matrix per line:
3793478046 634562696 1832203140 3680359463 2992374799 1552356758 698389440 3640879126 826831297 2200381245 3459042477 1640597705 3475527017 2041204572 3531490157 1154812151 48304474 1068665260 2642979950 3214453633 69093435 3228604166 1799410223 3081865493 145478251 1217346748 2111958946 1378374739 3327750938 3403961854 1034982140 125099552
989245553 4142829119 2073410677 746317568 3695691900 350857334 1925016778 2612122737 3933809380 1058114811 3079373276 3058746939 2476297188 3932380707 4000341920 1620411096 3616414453 3601783415 3896422403 2330966960 345665564 3232474539 1519328199 872793722 2044364167 736341276 4190456573 2979397175 1133548699 3161549896 1203155406 1236451780
3542833268 330332706 1674303747 2375105096 1343414732 3217513283 423908356 2550102394 121657686 2223153380 4249829728 16310959 1735853472 351556160 3672728232 848161385 1212057372 4009529163 364826620 2178751613 1212464114 1053993742 3508083755 3664463578 1540175639 2908158918 2433766135 2875315894 360746989 1426076042 2761127439 525913754
2195714222 1405462563 2790401813 195655853 2691632447 2557648404 2500386644 4263862339 1507609135 2384104187 468673648 320927527 1250993483 2356725394 2911757024 3939959014 1344386841 1452468479 1530181005 2313615493 1008515973 383916990 3861404588 3428924709 1076532680 3302569650 154035262 3092575172 1988631860 2096681383 3180213420 3555346534
1779864646 681761041 577872035 2449757071 1878118275 3937314548 29869360 2016329487 2582062924 2093175146 557911885 560917530 3308719673 567217652 2289104042 2172554772 3258748068 3819707398 620309964 2270370399 1541182092 1134885067 3954117139 3069130239 4119835053 2224699881 2429479934 3138909379 3647991936 1729095045 2419795756 213275899
