# dnetup
# From the Magic Point Shop https://people.cs.kuleuven.be/~dirk.nuyens/qmc-generators/
2 # base
14 # dimensions 
1073741824 # supports 2^30 points
30 # maximum bits in an integer 
# The columns of gen. matrices C_1, ..., C_s, one matrix per line:
122455510 773296462 80386005 883424770 513326595 981703937 1038812148 243570348 778200383 102755401 595654303 880576513 296182727 1055400600 996075111 1052355578 964134372 482021623 1010269190 146064639 699374654 545735549 783309448 241955223 391613045 316095920 691188546 107203704 913774004 919011693
904829865 125800112 744836867 56211074 962495785 1014331605 31766538 1036440779 378917045 863948098 170171268 150539741 291559995 144340146 936281598 725120753 165033544 957473065 142516263 917214920 406122355 215612829 806188527 444563495 94075866 902187783 921358076 515829670 842057841 754580171
144252053 719681002 764865240 360782177 8473587 170796252 322670896 824841090 715394417 308461745 767985005 603286018 282278856 370444133 799573691 207061925 378626792 443460925 747932389 190656701 112052892 838906526 456638239 308815925 314952227 615497055 197589208 851292505 114291449 749275465
508763882 863822867 579200240 341866102 1020791415 952571345 739394084 867999885 527833410 840385800 558226716 581629303 539677350 61386309 344675504 571043943 679597514 131099271 983978597 401123019 825124467 1023625675 887540408 932091587 134304604 538330537 662740073 203901635 988267545 346153028
621391692 190216341 240288833 47344896 848418599 660064937 724208392 17567804 947270235 290260854 65728614 661215123 409991240 708141568 308244599 200143731 276033077 525109062 395293500 464968947 618144500 326508566 615516113 557986837 45672459 435884540 701004880 63546760 785500141 862516802
943528403 7424764 444055955 410453694 92186155 283874613 17575750 133964545 995073250 957980469 277245753 188272488 587777482 95089141 581464409 824556694 437316241 640484097 696373407 412102094 239622123 522038752 228604636 453088305 1071365639 498667903 869393790 449562132 1033358097 817761061
1023859687 860420336 437777716 959192061 251318774 343778092 413416680 259452981 676804407 122487975 95708507 1054678216 363422616 466995666 325488046 373888941 515222328 781087025 997868815 459829544 41014936 226257344 331113322 597700410 963882199 450825004 1020970018 804124363 40896571 505564148
755137672 742859173 936475141 354522321 797948600 730638890 204492398 159152738 471715321 123471289 839297694 642348689 750583992 76497646 744562819 577560611 139554140 626389783 521865008 377281746 344637867 286741651 324330987 196287246 804548810 417370381 309802854 984272094 97243419 1025617989
510369304 236761812 13110549 616873707 521953617 792634244 531230079 775306128 407484179 747791618 694386176 331508215 818343003 781023012 308300789 805796298 944521705 592032883 269937303 405771211 145315315 973429799 145186174 1009885150 723080138 412171449 770686949 674735092 953203371 379728005
1070788282 363613908 401556515 737472501 916971534 741851784 15970839 575437740 308634173 456365136 610081937 655056737 566499647 146062168 11265212 228034960 802031966 1016657337 869981249 137320736 78544281 829883313 783146120 970701867 916026634 195792316 317440031 798963377 662445144 432575740
512569269 413297986 617992871 699943554 930550099 360306596 942139075 636897660 837676953 680872486 958145976 99814098 1030494902 481157406 7043250 631984833 693125308 721326947 543308348 845963501 280625890 62529592 1069504905 437525669 15289504 1055367702 1030656218 1046177956 480251288 524111444
992641068 539842223 236658812 663216381 130221500 781554959 707555422 697175772 211358555 98635777 101893269 685395385 212974975 754694168 348080315 797978796 610517654 353789515 740861326 561595503 738001445 148519155 1012540275 866018055 814844210 985429376 726145203 572582243 242483828 104550108
1011761701 257012084 545603242 377614867 1001660721 374400720 330700341 414707616 712426496 517978447 955401637 627264514 163257057 560991681 704985699 647379336 71773275 710543791 1023151414 22605165 301433606 348091287 20570843 637748854 761625262 348250326 509470220 66005223 199807360 904227117
30303575 619474536 775105061 606619342 1020249710 1007526750 1028531643 325064071 547200869 136261058 931704242 479402249 970006018 326468943 265514350 545747566 716265983 1066574193 925563822 652793902 970474175 832205384 982810047 1048889944 439489154 226597362 888136689 138618060 814046664 550833263
