# dnetup
# From the Magic Point Shop https://people.cs.kuleuven.be/~dirk.nuyens/qmc-generators/
2 # base
5 # dimensions 
4294967296 # supports 2^32 points
32 # maximum bits in an integer 
# The columns of gen. matrices C_1, ..., C_s, one matrix per line:
3257382277 2477329768 3877450382 516529514 1088536836 1765064886 2586875637 75727214 19940240 2633691798 497211422 2592994725 2044836943 1172969573 3965449316 3727079941 4030594580 2140081106 3817435264 2050727398 944305843 1914654226 2799985655 309091149 492439073 101974928 420914757 2612215594 3147455784 2422089520 1075403393 1762173447
1944968812 568064078 1969995492 2514396429 2395309343 1034902765 4132970256 2565182911 1285804678 2168005186 4276446235 3483164454 4294657248 3111168589 3409290334 3090324082 1015657606 2163632299 2303955848 3678357423 2396774716 1039923187 82143446 3803472935 1062215771 1397432260 1959773792 3340172893 2361144718 1328766805 68518001 880333175
2097857767 432157757 77452570 1468461900 2273446220 1747528187 477203578 719809258 2747911084 3248962228 3186265722 2703469307 3050746911 4141586345 260703176 244346582 1271489716 3974241700 2070232290 978535645 3034661986 3006812762 3620542298 4128402673 805562981 3565365158 3091226925 3007692181 2534833985 1140168758 2271672491 1801945955
97094793 3505036352 3994647301 513549658 235495219 2099627636 1980289150 2869939241 2313144486 335152975 1890132075 3655568086 1459868547 4041336657 2720148566 1090404235 1359394092 1456631653 621057639 946010522 4064434426 3008157862 3822898876 2972499571 895239947 1001183690 2547292598 197950282 3141803756 3915291054 246233520 2107823312
3507677488 3012794743 1190294670 3072571021 4291991806 2975205403 688331996 3303976299 4205690798 2170673775 3123794948 3566017598 2002526799 4109363080 67719994 822613760 4006352656 3039658036 1358436776 741923596 3230537979 2202986091 67500698 339140504 3843821599 3518311859 512894272 1370208923 135947862 2813884791 242786539 1904104192
