# dnet
# From the Magic Point Shop https://people.cs.kuleuven.be/~dirk.nuyens/qmc-generators/
2 # base
4 # dimensions 
1073741824 # supports 2^30 points
30 # maximum bits in an integer 
# The columns of gen. matrices C_1, ..., C_s, one matrix per line:
939524096 771751936 729808896 182452224 582483968 145620992 573276160 143319040 35829760 8957440 539110272 134777568 33694392 8423598 538976811 134744202 33686050 8421512 2105378 526344 131586 32896 536879136 134219784 33554946 8388736 2097184 524296 131074 32768
1010580540 698984873 501358050 723004184 463969191 571187723 132511770 185808928 465315712 573148032 127769215 195797171 437911997 538968619 8386661 11745427 29107772 36276649 127770082 195799832 437918631 538976779 8357861 11766547 29203389 36413995 127535002 195038112 436214272 536879104
757935405 151587081 835596750 582689467 53347118 34275851 1007535090 722055824 842080028 539109675 3944946 2826896 3277596 2097707 1069548493 699400889 823919405 573243913 1009925134 723528459 838873650 536879136 16320 10672 12572 8747 15410 11040 12800 8192
469762048 721420288 230686720 162529280 823918592 573243392 63815680 45723648 53287936 34155264 1007553984 722143664 842150172 538976811 4178893 2732729 3219245 2238729 3944910 2826939 3277614 2097675 1069548530 699400848 823919388 573243947 1009925170 723528480 838873600 536879104
