# dnet
# From the Magic Point Shop https://people.cs.kuleuven.be/~dirk.nuyens/qmc-generators/
2 # base
11 # dimensions 
1073741824 # supports 2^30 points
30 # maximum bits in an integer 
# The columns of gen. matrices C_1, ..., C_s, one matrix per line:
640076413 38619923 880276074 258462862 218061951 110875386 782095512 253820603 543879802 1050676528 655726172 1061996849 738961624 599680434 1010784250 414752449 180264169 676013088 361315153 950490779 626020133 142567564 521541876 618804908 178037201 362432873 391430156 528491869 1063457085 141830450
393823488 967702564 996414134 380720145 300495822 884499191 768736405 91406721 741603631 624224565 359456934 89283930 537918092 829699217 349844160 264781100 1031472974 300442722 219489904 623147931 359027908 503369389 414890524 46246130 734200851 550896721 990511752 756780245 917175879 319155042
606494016 917965809 1018376187 163092929 747799491 115078791 939997329 17414853 302426061 921867709 602154136 999186600 411725464 223769413 703344350 841532862 797735996 1020553390 1009041997 950379831 627636356 178720078 409380538 70557298 673255255 835970611 286203702 266426382 560101456 39390863
600866816 685960568 103280453 309088841 955194087 1044309885 605453218 957769029 348362389 812806796 302838834 313274906 300197590 275279179 332855626 37604359 698428890 206208084 238230667 367047777 4381534 735883523 1064951460 203911503 78225905 998688573 340732841 941500948 201590684 371703833
346200071 734643499 123089088 649304842 605054314 790301134 48561423 242319144 801905870 66727240 424813982 158270750 162634162 146649881 731766097 380723582 33118141 861489947 741323110 237146728 263233061 427681584 870037056 474509960 337598642 712260834 886629205 541733652 450393070 280197089
986274698 148131086 870716920 447282332 1026196869 472749574 32460871 272231963 410368694 178649215 888633116 1041483275 940674463 931538664 956736924 524225383 936411974 969547861 512648518 381104443 205372356 13905180 333072039 496115283 546594229 1065067452 179675074 227185735 993747182 39536207
261598117 611550090 211615492 100722117 634969513 368972092 686506470 533599043 530639277 873784702 575933634 411444686 102047956 816671590 1010229544 185842073 978642477 562673342 1003690264 941331870 814018105 637603710 143573597 1037408318 307920125 339901701 832688107 722546136 412159266 769219252
922063332 565134652 82071906 769088394 944402391 138740959 433429701 862296561 993983047 899835002 1037945714 417060381 752393547 88184049 966044098 680894913 514682970 719476347 886465807 486029512 62535029 555167353 307430836 709660495 1041707699 786398307 825953853 750169210 221302275 595424191
512467929 300113655 674083661 689445985 148105911 866522716 313630486 395717289 301814491 655585295 577555299 917231748 888920033 927718938 724360554 377554296 248732447 174080875 559178264 89877466 399554243 298097523 363683154 825448247 854096856 766321194 215392664 646036130 1892589 311854397
986027855 132090846 621223411 333974992 790598050 79387364 267995867 599454495 232907008 15913258 302191763 772790356 584503088 738046272 188438137 921819200 697430148 137752459 873342196 227078802 442976560 1034616614 172909972 40524786 747034583 462482257 28803124 462481449 885322935 182269347
648793944 607217858 974232141 283030681 2576790 535183650 157523670 496460795 334546972 8482709 896794205 786499822 228269069 998643015 607626918 151122715 717253132 1010802792 529041112 437142038 545850927 663932102 587251879 161482998 958459306 918804181 617570748 471288770 418354821 666780001
