# dnet
# From the Magic Point Shop https://people.cs.kuleuven.be/~dirk.nuyens/qmc-generators/
2 # base
12 # dimensions 
4294967296 # supports 2^32 points
32 # maximum bits in an integer 
# The columns of gen. matrices C_1, ..., C_s, one matrix per line:
1008863939 3457104497 2798029560 2043715014 3382796833 330133162 2579439174 1581798532 2212000893 3652819241 2382000062 3625487910 1353455898 2652354038 3850787883 2169156424 3222780102 2991060853 1145643884 1235024799 826818591 1976299583 1622090644 2966308563 1134559258 3271318344 738329977 2172860177 2320105431 3136085231 4016757666 418180327
971262079 2540944926 2227815755 4083803690 4276300517 1073918325 4170430840 109253537 2758336488 1570363661 2622006868 3373265019 2950163690 3326968699 3784941726 1611918709 2869700448 3095648221 1346547478 2720622158 24939718 2077641982 1963340998 157967445 2456133770 1513489941 2209999330 3858373255 1217686511 3068504193 2623933461 3797330506
2257818210 341444235 1285754233 3934286501 825403797 3656552807 1385132621 3286419003 1629852123 3629855257 1894325760 1843728245 3114843487 1813131377 1206747639 2608015212 164592548 1469020739 3484045848 3216229415 2606468730 4098488473 3632028165 1647854035 1047504393 2479628272 1581219171 2845313686 1867544101 3609562048 3921282439 1619678843
3982875992 1609848329 2825358140 1793560287 402847223 36623194 1584907548 4073233713 1213657316 2540353459 190204032 775899894 2614025975 564331989 4109872712 3727858419 3760419071 2782732244 4147780260 649237341 2353646892 1626683637 4126286245 350338318 3576345617 1749121036 2749586178 558412167 641568508 2394369036 3416859208 4148933994
3179550482 2449168280 434001113 2251838669 837076188 2241580461 3856109371 153783059 2629932567 2892753467 2743882767 458830415 3827840718 2493694872 78937735 26230379 2635576166 859427601 2709793030 3167344257 3756449301 3189121088 3887788826 101288434 460223908 681777691 1681678335 2150160652 715661648 824046365 2812553602 2414507184
2479623128 2841504463 2933887098 3058618253 1274139902 1391127210 2543683096 831703695 1661646635 541500272 312059270 2451291803 1777280569 1153507021 4123341407 3141530893 2949767355 2603581905 1323685622 3994584318 1106905702 1851585413 92419508 3403351368 476156710 3924635556 2216531468 4063970 4224065767 2563122698 3940666893 3935407562
1519862712 1800646872 204962187 890578167 2502549916 1236114097 3748754607 1090778280 4242402044 2867747334 1169116474 2096472341 1251892556 3943112764 3430844575 2638407000 3051296642 3270009894 1541852043 4157839494 948481778 1973510487 81459791 4101273708 635855203 2661871682 4108450285 3231033289 3004984746 139637130 2797312177 911957129
3704279327 1235871676 456739999 3764631697 1282908523 1979892470 27583747 3176713394 3256694051 333957342 1299658705 2825873167 1067661400 2984143019 1952777631 440902546 1467462102 4129166365 146152993 3691540773 1563970579 3856328718 4212905447 2902028168 2290029585 2133500077 2092466429 11912536 244295342 398753888 629125678 1197469034
714204680 2221985215 1648295779 1397860197 1928839309 2157052136 2885170702 941328707 4277979332 3267742220 2427181520 3361776348 3280690414 1690148873 2125452838 968484801 139891423 2663678865 3987141664 3774818996 3089221569 2593950846 2775557651 3115197785 1075365980 4081479677 3252670107 2281726087 1459388603 2969816411 1382472948 824592171
3772270597 3227878281 1896475928 2145362687 1044390451 1727102037 2119262587 2589463780 477563059 996570580 1872510969 2340396861 2378230193 3547146000 2118451012 1813147000 2414846380 2047539824 1996248049 3844071289 3848102634 3377500703 1797154936 180756924 451947388 848683046 2279897438 3809650522 4005040835 2047416585 859780091 706499976
2100734467 3894418766 2760012716 2321324552 1637325174 3567735654 120709603 621287877 843345253 3276805769 2756278401 2971617748 3229704337 591965249 2688102007 2871998368 1571051232 3349029440 838973702 1337043287 3538909744 2647162560 3613025708 1462486681 4024668500 1446106002 2028762453 705312991 988382160 99636827 1858715674 3186020353
1781429667 1108413418 3091849595 2115966621 804342713 953880398 966936010 1121677420 522948625 3575269560 3695231114 2250904633 3141667395 2675686792 1746352667 1811405551 1266255407 3224818938 2985405474 1572942438 3140222211 964337058 1700291806 3015865347 2493719748 2375756935 9893512 728409771 624761861 65305014 1716117981 2022960552
