# dnetup
# From the Magic Point Shop https://people.cs.kuleuven.be/~dirk.nuyens/qmc-generators/
2 # base
10 # dimensions 
4294967296 # supports 2^32 points
32 # maximum bits in an integer 
# The columns of gen. matrices C_1, ..., C_s, one matrix per line:
2512977291 2653335383 3529187514 984047774 209743247 1687006876 3030170637 159874692 68742297 2950260869 765716761 3133958943 1826866646 254019624 3821288790 3052443937 3337676802 2067395545 3662168302 2007887077 1658703219 1395750259 3697085624 372394884 588533970 270021544 567291524 3178732289 4213590080 2203322875 37251566 1657925045
2205393748 1362642242 3074569265 1769487200 2308065897 2525373410 1148178517 555372943 345293874 1824969234 1892071919 1140004873 3647707718 3091956281 2917801591 3796093054 3353741279 4078712927 2445302533 3313158762 1222973904 3349449274 715079091 1255881486 2082583985 638906093 1445714741 1433463100 1425059897 1312072094 2244037571 2416136155
1589029952 1273200972 1207741490 2344748673 3095638173 1865288819 3526399757 2895063531 765043709 2253513260 4232256333 3132460493 4279028783 3841111152 3032688730 3853881685 1791584382 2372864741 2711256311 3072300964 3150350758 1876773234 208263108 3695546000 1883487628 322485899 1268046730 2448592373 2924210277 892349825 8682814 1183167639
3689570214 499789783 4184477883 2117280578 725037997 1944817251 3967028099 1266096339 2713854087 352895262 3953485485 3069323585 4255685062 1544225872 2536427460 1145850867 1633829113 243363946 491812779 3618885422 764810570 2113783495 730765032 2258849881 2081251127 3648706070 3953700410 3069130052 645007873 3053421516 655179932 1826563136
1670209962 692496548 176380656 433244441 2569144025 1718600869 614930970 2105495453 3669924013 2373772241 4021753493 3321878393 3385032604 3684583366 991573784 947461883 978091981 3979134451 1953313010 1896536263 3422938935 3591629237 2584993090 3513577451 1106522309 2304631488 3762685394 3504919671 2440075297 480614196 2515486377 1972715590
4037741586 1483158346 670353710 4074392550 807011006 2166213765 1831649738 193470627 429004966 2470858476 2016149607 286107114 2120690134 3983622295 806925022 615399865 2577809037 2826095349 3681089447 1303363773 1772646908 1422690732 4219254374 3836573835 1099656895 3778201446 1217610541 1534530051 1996084138 2672165199 985781323 2602115387
178964911 2409691762 4067435670 977470300 842358862 1687448338 1384630661 4087773194 2880285145 521349033 1313295236 2914630066 295277450 3436202634 3579938045 259723505 29804366 427078647 1083523592 1709928282 3509518817 3534595011 3669890177 3337948766 1108548153 2125140008 2561478080 980641755 4030596164 3819958622 1047324552 1837658975
958473056 3362309689 2782116384 1715209300 569718698 4088327566 3771631240 329355543 528672565 1547395138 3238634835 3641604468 4057025491 3384619210 3054141 2389802588 3530722932 3971719017 845884273 1221909264 3368835659 1522721538 2661705997 1382877273 2125560247 1389924102 2119629570 450390567 1516916029 2656224696 592757480 4042035790
2179203238 3651506633 491457497 3587878057 4189004192 3240318478 1630189273 2414324422 4278135409 2226643938 4093700073 2317859994 1381178740 3487223744 35123995 1108346142 4195368158 3330545264 237930589 1723000574 2335173345 2480390397 16509600 96077285 3255032265 2355984031 960519299 268147263 592517511 3731210011 919564459 1192286095
3566506354 1432318912 2900549052 1902354913 4233013307 1577391371 326017258 2855881000 3279065741 432784267 1172492369 3815153889 4262145264 3954210369 567572403 1349541477 2859772809 1929796507 3427795598 617773776 2186098952 447342996 600048961 1727313089 3058170964 3610617034 1681392363 3510975937 78571263 887090515 738793166 3738186253
