# dnet
# From the Magic Point Shop https://people.cs.kuleuven.be/~dirk.nuyens/qmc-generators/
2 # base
8 # dimensions 
1073741824 # supports 2^30 points
30 # maximum bits in an integer 
# The columns of gen. matrices C_1, ..., C_s, one matrix per line:
760554632 893269568 1018726252 397550846 486706887 709025900 691463814 897059424 771925038 48245314 445661732 365996202 738733570 180388576 964722734 537575554 167816200 144706240 723044396 895150218 771787264 48236704 137232522 142794760 8924672 557792 448710830 500318210 747110536 180912136
191925899 850322866 184392687 549799844 1024443066 576347035 382532166 16627116 182150555 475711155 390430684 312432314 738311052 271793309 380782643 1020390196 815275293 540233864 292597895 239456792 478389643 808653086 557457846 40619436 129541521 246531490 821638469 472330680 978942525 1012590597
883717684 96518021 652853286 466291355 693221929 545287968 966891722 388157465 457902881 1043440021 767486751 96647075 1015198876 817049866 59417384 1020938648 805505024 537001984 943048725 356580925 487641606 853040652 664254599 238742324 399224619 780317982 208309733 119593013 994773809 1043440053
527160192 861192064 574201038 56565168 4568205 48833925 95077866 255844538 189274428 503510557 792005641 294530466 1024051984 853178650 1028795142 806055692 538444458 3240220 35861445 17606958 478325819 817042729 567019160 48393984 131186604 243438122 247019859 334236546 995232528 1043571127
966096851 159603416 391853503 534263005 567925083 754632580 605300517 525481798 749929250 951300503 831759277 730950479 90347043 911409212 381929330 911329204 459292567 581683098 776501376 328445808 627119239 911278881 459320868 581640838 848849327 746103428 695461275 185665125 882556987 411067682
592598110 477898738 153058420 620511864 746949233 214503603 1035856176 135138758 748241599 948069951 742923334 312806868 1040260755 351989255 286634848 439053624 592972212 44821798 935742183 83151353 626597915 911288994 458790296 581632030 848845844 746096664 881612722 840751721 266897418 974806028
814597320 726846282 153113138 530614223 894963566 209244070 761266718 1027120870 391299851 447447865 651951006 624563529 109126031 888852356 141706978 447434656 600454415 44812218 658370173 830073561 506161194 348721804 695606583 241751322 179316754 214663084 1035206920 128477917 884028701 405904022
212183505 575897462 674724232 907724773 335232225 249625608 406679306 978524888 801158541 983070477 82256637 246020036 111731374 885723697 756331345 445791144 601390858 43522354 290858668 872585938 626715393 912326453 458692903 580025402 842012457 751523504 529968469 738202308 884017946 405909655
