# dnetup
# From the Magic Point Shop https://people.cs.kuleuven.be/~dirk.nuyens/qmc-generators/
2 # base
11 # dimensions 
4294967296 # supports 2^32 points
32 # maximum bits in an integer 
# The columns of gen. matrices C_1, ..., C_s, one matrix per line:
3493447766 158700771 2567774382 786447692 577836923 322920447 3954134388 790149563 3244112209 2874863172 3611399341 2923983379 3768776774 3423349680 2690758857 2072806837 858816907 4183201566 1548859450 3152501886 3724958064 968324146 1876263962 3668448905 864957773 1546185971 1451648330 1819015962 2933124667 965654371 3220818464 3667977963
1383321910 4157185920 4205741072 1427252499 1190607565 3663161241 2947520952 487171807 2825002572 2645896567 1550136872 495600685 2165850920 3307331339 1517977388 547919567 3968930672 1190155523 765303785 2650195621 1548375876 1725631925 1928589128 222708453 3114539987 2189208036 4220699802 2894243849 3562751171 1258719710 1060256971 31299770
2312239261 2719650152 295796429 1286267140 3778488607 4073606770 2675889965 3865109937 1586740653 3267974150 1294596201 1309925507 1141030392 1119436765 1257255772 248401139 2787545537 1042177104 834912553 1529738916 17490337 2850656931 4141927325 1068042783 472098486 3953193492 1561889084 3815823988 1059525560 1387881798 113965241 96775493
3276385844 2901086793 2200701568 619359605 3764119860 494734282 2417516921 132551019 1815354327 2915619191 3652089305 2614561663 1077493314 916515906 4131760896 3211119184 3892547119 2189787377 2159730204 2473577129 3313962570 750248175 1113031827 281784965 4084785257 3043212518 1678084059 979569025 3583247130 245865160 2493654142 525329283
3728288248 583086626 4203901347 1665054433 3315929110 2099256274 103874892 1216069428 1766322065 730259903 3814121256 3385752950 3562369636 3993566882 3491296994 1911580686 4014091273 3534209287 1990645184 1447421046 904448649 47903338 1190927198 2051046101 3208738389 3430582570 734993041 849695055 3631850488 167337526 2290218175 1492204597
1657688339 3215136416 496288522 2593021484 2420213414 2900886587 186373940 688250798 2948358707 266905383 1158448240 896538234 906130889 851365483 3191825990 1778751472 123817460 4246802273 2687690644 680425894 780298642 1170181833 4293842944 1374022437 1626436544 3105674121 3823353689 2179526492 1273097394 1921899916 3644588538 2429541550
779394066 2445939883 584963984 409179551 2533579809 1865574267 3003727125 1460817551 1451461682 3900544635 2300459528 1242731953 406489686 4196113942 3637618479 1019933922 3239950513 2263278577 3343402981 3370806517 4204630253 2565095024 842074482 3745009907 1907215100 1772998556 4268170528 3158611436 1245976324 2802146256 1254742526 890884982
4139022760 4250837338 2153582591 1113625846 8782042 2063795331 630135552 1917226925 1313933025 52346463 3091652540 3615843698 847188006 2265994190 4249205785 604432628 3256609961 2641856363 2057444779 1756965459 3954669741 4065925064 3826852884 662709505 2350503088 3072080141 4290028136 1967550290 1656168094 4075496286 309007627 655877940
3674732440 2204955878 385979882 2957848111 3786497834 667223405 1648874813 3402614265 3982733104 3608211893 4033334769 1705908773 3080934252 303032313 3852088111 2723091239 2062389524 2839551444 3520656433 1898006274 259585925 2178166232 1272221856 2880651026 4262751444 3181651948 3240967814 3066278325 893607022 2327682796 2658899492 2731345717
3256639150 510930410 2216064332 1722037699 3161474059 334326419 786508670 2683015148 646170243 46876216 1611420494 3090243920 2589015616 2935785345 1021925620 3804454914 2806219536 819854783 3895907280 656902986 1368860483 3752836633 959698129 162098506 3004521948 1464069829 131334609 1464066228 3927806687 981111820 1206358627 3325205164
1463781877 1857911710 2693631911 2757785031 594456221 3819049331 1743222474 1935863527 1861159791 2557332542 2377671517 4153305617 4207828310 4027480171 2829595514 1996758834 1063087853 766576510 2237382754 357412346 1919144716 1848190751 2141139930 3991755276 3868322291 3063858409 863095027 2652366536 5818356 1735479845 614497818 3868571186
