# dnet
# From the Magic Point Shop https://people.cs.kuleuven.be/~dirk.nuyens/qmc-generators/
2 # base
18 # dimensions 
4294967296 # supports 2^32 points
32 # maximum bits in an integer 
# The columns of gen. matrices C_1, ..., C_s, one matrix per line:
4092657850 4133199933 1947503932 603201649 3739150221 4192609154 3972576324 3241306295 3640612722 2714710399 1360043891 4212336008 1567815418 3887176667 4189413326 1242231096 2706145709 3962070152 3697789640 2874713814 2049514772 3094079976 3907341066 3947437125 1015286594 3053837265 1713433425 1631661924 324427128 627123355 2142003593 1772839558
432944150 1715487156 3435396003 2176328912 4180491593 405073910 2851808344 3374522508 2686913169 2237314437 3396281376 1292779585 2968586929 4236768581 3108675751 4103117737 2597589464 744700833 1374552198 1038628254 3027953352 3402503247 197809177 3541516386 260985736 2176284544 539929277 3328540223 186942904 2835322507 3753796867 759278703
889689464 1483027622 2697108920 2599496426 172635596 4117185639 2048467813 2407054341 69231374 1908024750 3415243976 1180520245 2765365323 1822087947 3118586064 2282380116 563796175 1694532324 3945470263 978304149 1192359476 3483468890 2363103798 2853318873 1553008771 2501714626 2975769664 2074350572 3512352903 356256316 634881209 3639156490
2177064583 3224940885 3205756222 4272280863 1241330553 480030164 899373762 2836606223 2952771517 3622949994 224867626 1754134521 2845082675 617397942 985078485 2785253040 2823984928 2108704157 800045037 2931324491 1946364005 764162494 4141645053 1995730269 2406590436 4232848026 3377562272 1446257571 3095049266 1773746424 3950115655 450118039
4223570140 2013433209 1473783879 1731612663 2078904803 765777362 1802537392 354927232 1824668894 820799310 3181386663 2430598684 2827311309 1145745326 4248829126 2757606827 80589531 3385379348 1680629738 3318689989 1798504330 2477271989 824866878 2148780994 2177475332 1452314120 598112065 2331290395 3310296157 2366562998 1568676217 228406137
3972824732 1562310700 3003029126 1439999200 3437260258 454949343 4186549987 663542258 887861485 2042263953 1264008680 2577271337 2549921113 1440120872 2419396351 3777564159 3269812773 1053565191 1324877637 3528702086 2303801922 3494080174 2958306414 3511282092 3479547327 3080040120 1661797187 1264073308 697549752 4215494534 267739950 1101876529
2835941073 93836608 402767057 1326819022 4284826038 728541432 3465660384 4198189450 1959605552 4279062863 3302924110 2599671395 3273166432 3198999968 3625507917 3021935858 1134656788 1640515099 4064634354 2699889850 3896674598 1183136700 886057328 428927911 681963254 2014612112 462244849 1340108409 2694003968 1018504524 1062916813 3756377810
1313140891 2716751957 1231092706 3679557803 2232121419 3731445903 1700999886 2608752656 1366329685 3526713652 935861881 2353481495 3191996878 760845927 3357279312 658362740 1489058900 3587275169 3620448197 796406447 3705498881 3034567366 705636545 1666463893 3810668553 1860970005 1993678984 3475563746 2644599390 818119989 1173600716 29814264
922218854 3929559180 3167518011 3626938644 946674407 3889116934 3186828313 2249634324 3087072488 3994856496 74057793 3575077641 4030898549 2440222526 3447354253 2411777171 1874519241 1731769483 453738812 2660105085 3902926907 1118723009 3245290023 744090953 2457720672 991192664 3660370259 850783176 2398872165 2612832416 218803948 1777170198
941116833 1735005813 104019536 149145344 2364605332 2104658689 1162188855 779168313 789294953 1092597618 4211515973 3169714528 4186369085 2146766531 859563904 2898625938 758687099 1505072326 2620690053 1892696840 3271040888 3934343741 2153857800 1918438938 1463077823 3271914320 3333562792 2494693277 99333923 3045387868 3242251182 4207609538
2115888766 3460351177 4253010775 751495149 3924037256 1468085431 2753665978 2086631562 3536062474 3298854387 3249186799 2900849048 80329087 860187254 2265371763 2607095995 3576684841 2983953230 3495035967 3977990613 962970179 1505522663 2913435723 806580329 2969199488 492099051 2296732953 3414300428 2545343675 3449551762 2571903999 3762977382
1121754766 2637409731 2576210280 168211161 2960026549 2820938007 2464809109 508172489 4063910687 2030667879 2329814802 2500423112 1600371815 3503102954 1895515019 1845068415 3022860409 2018328712 3457106134 2148677834 356081186 941840290 3653408913 2204809933 616297838 55546151 460561377 23210174 1711322991 3403550872 1452666166 2968142383
863428871 2093426725 2523293757 2513710829 1914634423 525929909 3565266865 728624372 1297023679 2284048035 2431203157 680658443 3383602393 1856130701 2009370153 3166143323 1169543952 2429296819 2225406057 110610067 3904290453 1789679108 4030396914 4175401295 694282799 310228748 3989813050 2124269491 52875926 263701101 1140158346 1386890999
1457679933 3852884311 3233054343 2935253615 423380980 1175818772 138967302 2430472683 3343566698 1158182308 1213647476 3944448784 1074540959 2230635562 2189139408 3776451067 1195436253 1793642731 2408823855 380496670 3864148780 3393678946 3934583003 963457858 329682525 2912152901 1054239658 1578583561 204546796 324963999 1458357804 3650609722
3827063911 2258844281 1011178987 2315082082 4239833963 3635847680 4214838396 2344850735 2668378142 3831638959 1952850059 2988234224 2033552063 1597336567 1224568689 98432248 31881514 2304355396 3819032299 2338582212 2930848508 863902937 2351769594 1637333875 4172303987 1344774010 2586332271 3678932712 3174225370 2390044276 2012540291 3320979217
3177525203 3430074650 2400091216 222600355 3580651328 1003480509 2154305044 3518632034 251086878 570889876 101464370 3322812982 3993712262 1408424719 138404749 3334088481 2531419120 1962138101 2832814295 648897630 1177749436 50717682 2083240651 2979749422 312823619 55140798 2766851537 3904905048 1190841834 2283400357 744846897 2208314313
1259235171 2626980301 36253093 1493913959 2145236519 1488732059 2841704716 1691116082 4144022050 3071348757 1168872633 3323454996 780602882 3038461150 272319823 2299648990 1905289136 2976083786 2308881832 4283582574 2525222953 1723167242 2597216500 3558801182 2160175244 2639147275 484081667 1987285118 2021378673 181659399 2079650348 429546876
3843936296 1383877192 679010032 1113546207 2758130031 918991188 1462055731 4054014974 1338548310 1340670350 2484639540 2814711225 4069555192 2899617829 417081898 3387936822 1656510242 2137134144 3658033467 3437873796 4045538515 1006150776 3207562084 2951525552 3327294251 2446421515 138882829 173010313 3163542337 547093144 518331017 302472797
