# dnetup
# From the Magic Point Shop https://people.cs.kuleuven.be/~dirk.nuyens/qmc-generators/
2 # base
16 # dimensions 
1073741824 # supports 2^30 points
30 # maximum bits in an integer 
# The columns of gen. matrices C_1, ..., C_s, one matrix per line:
122028500 773796640 79828983 881800358 514905835 983783335 1036076530 244094596 778726717 102223501 595753535 877977665 293940545 1052797592 998015535 1049706940 961932202 479425179 1008703202 146074807 699208338 545769971 783872744 241400761 394095793 318234454 691017632 107693692 912226258 921650147
905747129 125669856 745948482 56213465 962367329 1013342451 33005913 1037353434 377933797 863814511 170368760 150537961 291553302 143356869 937198823 724066463 163851778 956426595 141337432 918194684 406318084 215609507 806253540 443391870 94009789 903116998 921416576 514601025 842089657 754668748
144510343 719814161 764739186 360776817 8475867 170405149 322931744 825103235 715522888 308466584 767859270 603415209 282275890 370575710 799840954 206934734 378632555 443071164 748066014 190526844 111925134 838907447 456500383 309079437 315082098 615099103 197455650 851153078 113882241 749580267
508694523 864018879 579267946 342582253 1020795729 953030849 739794289 867481205 527701809 840844607 558748283 581697196 539742130 61383864 344610789 571041724 679594220 131096939 983843120 400800768 824994954 1023559165 888130186 931957442 134307115 538930046 662758996 203788510 988761297 346276074
621389988 190147614 240354817 47413693 849070421 659871401 724277355 17702764 947205554 289740834 65137593 660818834 409403056 708667867 308049550 199617242 275965133 524584535 395099063 465555703 618149148 326449146 616170625 558444702 45281988 435823313 700583419 63138695 785407875 862058847
1024840886 860416911 437581387 960368629 251385071 342867483 414589371 259388234 675558717 122625022 95841389 1054808264 363428799 466082259 325425371 374938769 514306939 782072930 997935942 459831567 39967148 226387339 331250224 597702156 963817961 450635098 1021034056 805254254 39948930 505476103
943528130 6377416 442877338 409279699 92188770 283745105 18625358 132919617 995069163 957055041 278160177 187351096 588960203 94958252 582645249 825737187 437319588 640489793 696376298 411055566 240803234 520987896 228602589 454136105 1070180458 498802178 868346947 449441731 1033212799 816755189
755131930 742733924 936471700 354519697 797680387 730378704 204496645 158891697 471453056 123212969 839163918 642739562 750322088 76238277 744564601 577303792 139553741 626517950 522000409 377015466 344773034 286611154 324463697 196282908 804678176 417369934 309669814 984410809 97361422 1025588420
509774441 236305777 13111597 617457706 521501292 792079340 530609804 775923580 406928336 748418988 694905554 332067769 818309335 780466121 308368901 805729970 943997647 591997436 270497271 405771136 144758335 973980081 145641057 1009847578 723049798 412204818 770093665 675196944 953790072 380349499
1071829370 363611179 400021605 737468978 915884092 739197071 12782863 578052546 308135759 453717337 611167682 655090680 570175856 143441666 10178396 228528946 804652632 1016134480 869977617 137349722 78541999 829917227 782058450 971718430 916580062 195768456 316897570 799508767 662448934 435202045
514439921 411228727 618086450 697847559 930424358 358576228 942010818 636808815 835672190 682739891 958268136 99823447 1028538355 480855611 7031412 632123921 693133855 721035685 543473531 843998686 278569684 62554824 1067281322 439356997 13233123 1053001636 1028403740 1046301216 480255387 524286967
992744004 539739079 236795785 663216675 130224767 781522855 707424299 696815199 211785248 98668673 101863869 685563385 212940913 754823102 347687424 797980002 610518958 353825990 741254507 562021180 737903974 148684693 1012708501 865658034 814815730 985298406 726535512 572583637 242483404 104681103
410584653 1014456740 859507316 528229087 21041245 451335112 273376174 370447156 145225655 100856626 216137927 880988295 989591832 498229517 752029644 692203068 378212597 210534553 1006542675 571190962 414912293 605262338 705870606 973888734 652138388 898974866 574612904 349338863 639882306 1002077865
1011833690 256942639 546060759 378076728 1002288904 374437599 331255010 414611228 713020731 517449415 955993684 627269219 163250620 561092153 705439834 647441968 71777603 710053662 1023152908 22606250 301863081 347532963 20017716 637718071 761555051 348747465 509441421 65484519 199315376 904785068
342919423 684098882 70628500 821483431 1067777746 228200923 875147916 523525120 569279558 28225579 14565382 54301638 762352194 442241525 778625199 92020179 96204354 834571042 517199569 311086769 351618653 129164929 71684553 69476856 877292194 69366427 663054204 432857041 901460654 1036450973
32268518 619642010 775359809 604787067 1020096905 1009492987 1030488316 323225398 549425125 136161349 934053943 479673465 972140115 324513836 267614303 547742461 716557290 1068906183 925792527 650693947 972834248 834331210 982702238 1051098972 437684209 226568545 887965313 138875768 816273500 553069006
