# dnet
# From the Magic Point Shop https://people.cs.kuleuven.be/~dirk.nuyens/qmc-generators/
2 # base
10 # dimensions 
1073741824 # supports 2^30 points
30 # maximum bits in an integer 
# The columns of gen. matrices C_1, ..., C_s, one matrix per line:
696344576 177875968 198830848 332466784 765128780 786752711 700394490 710743797 80402060 582321570 531330516 600994053 250343324 166325309 469206004 127787017 350209407 959505056 402000190 101740930 58507941 533330381 53139563 235760460 927807685 1048967523 1039779877 893524859 774165468 417325468
912973312 273086528 1043348344 304024545 144844181 373870990 620509713 1032943564 953994563 579754739 988202473 136063485 174254401 979221296 243294609 210750988 191980114 384136855 119830278 960709408 152810196 87797445 725033016 935489600 513691672 375388711 601961381 646256774 844711761 782078212
1070658743 541351219 177168414 857506082 954298862 189990685 928237287 714563635 825097568 486326679 620190618 234665099 969800906 10921771 117651574 960455758 712481989 104218246 49191030 395016413 243053293 50889952 533282744 507581774 365648082 362117277 943766598 452105566 134382757 600036003
468149054 356323242 531691055 533479845 369430665 1050335897 855633172 121777424 926972951 861803436 633315042 147299592 44904118 716540604 848053812 161692489 18786120 175446231 329890245 289816975 992443882 144833905 280706725 393983156 1024471095 244194217 705811717 343438231 1010252774 369916015
47463531 688500491 156046897 840884700 909106686 269785563 239678700 930221356 503006993 979373410 786124814 22097096 585759744 310525712 75113259 233079227 876226168 352865085 796223239 120697769 233031239 848080728 960129683 786952936 709641922 119053788 66120245 256432093 854840906 1062655013
823931987 369032796 955029757 104856506 770334010 240341623 205772931 911259079 915206596 930217353 690026418 625901845 48782362 390178869 852575964 836019537 694715425 89906349 150902223 5834217 11009007 485593977 400623134 1069427788 691791464 405765657 1019838073 551252580 986644545 225903139
382091319 739313283 942124987 288243186 229802861 751574681 41151136 730405574 502619122 149340930 382496547 383277427 951451155 587583426 191540436 308805631 1064908987 81380314 127274604 62709513 46705551 1032153411 829062413 747188657 444648745 199504873 237992630 378356548 772791966 833105476
587078599 203960422 511194114 755679438 139542925 28367724 165315148 768111470 999912497 1027667728 638438543 359237201 196888839 463057534 268847481 214959631 431660447 480659247 337817622 224901951 151877581 263454068 928091576 989398959 722566738 924770779 629317449 713695576 181619785 564028034
453809691 380853116 899434263 666973159 182611982 1008223646 637955544 153759368 411114377 566828272 44056958 585359217 34385615 801789890 507572939 48458184 992087037 411762415 286362362 826271647 604665201 298685982 211695003 664079058 265179510 352453822 1031228380 533517717 914087299 668725875
931239939 828945438 363684192 95705596 248262652 526274471 61950506 542401026 593450089 139006496 220316088 1019960300 192398181 834630841 1072820851 474696622 1017601997 925673718 774313960 12886932 8871591 362158636 293953661 573034866 595008664 935547810 757597401 7383456 476631037 577177943
