# dnetup
# From the Magic Point Shop https://people.cs.kuleuven.be/~dirk.nuyens/qmc-generators/
2 # base
13 # dimensions 
1073741824 # supports 2^30 points
30 # maximum bits in an integer 
# The columns of gen. matrices C_1, ..., C_s, one matrix per line:
376009787 616649261 1038915818 449176030 680969485 844929903 469210199 515424615 955287332 441067371 672960609 10667578 518196311 909235475 829362448 606869120 1069286697 548650217 281564703 956233651 30374325 339266501 406232992 308994419 308329741 419071262 157656941 113798237 580526181 312086276
113325173 802884388 776006141 240665347 1067428575 237210076 433405280 542548953 206172120 892707582 938920668 268533774 427179081 64599497 584946987 850670289 1029168313 406383405 567739064 243337945 534671208 284667432 604603719 624171720 638094189 480469014 81680586 875930397 165521623 713379925
365589568 795832513 352548612 791353731 639030956 875424815 460322970 209202842 769072557 62593514 554917907 422257425 988433200 845378618 964807902 469755058 490235585 36511719 305707082 338554719 877932899 475033153 48231578 414880648 706291263 70011941 255603371 718605877 1049680271 203585716
435632494 172170459 1059343654 565249317 65081497 498668119 696359679 815656005 627318345 886975033 230810440 958457568 170678992 928599693 50537551 95312547 130331293 202074131 1045327915 1032883628 259200551 538263735 525010700 117358056 867099869 70373620 495094033 522626779 38232465 95758096
32678341 505635296 425856624 1054825470 1033723186 938870058 269291076 814524247 656722885 524631983 597477638 436880436 697998740 64815620 786707110 297283695 494619587 996221642 743211695 532501720 485366627 575598237 246747572 221087582 195011953 225867526 624744711 494497451 771083163 465002468
551397128 489766929 195538897 629476791 1006219829 921379579 836280603 978070866 1007507930 236561171 759639615 439796207 338293708 24298018 558561689 657466702 188516653 553216800 981177690 1010977003 791689962 158536313 388269785 487774813 224170145 624982216 529627459 530281195 133158627 81743442
768717957 184677116 591120478 258801695 981458210 434399026 697605612 787798639 845498401 27242131 198461923 975748095 873564500 808362448 829314929 599428700 553956900 646455049 715447491 990180123 901857731 341740714 518651244 433436011 393492963 156099629 1014527846 267932060 338771950 491714313
609470369 578981355 496170689 646129714 870096655 49561033 642998690 66791072 319166205 892427797 521637492 815247648 244676424 701940472 831147871 570779345 89071257 880115963 152451089 13233731 318042497 408461437 1007221712 775537592 174347183 811508503 942904086 319793289 566294292 956161085
690191426 28134813 207393949 406243981 500443338 244003934 327631593 692702121 76532237 120264433 305592447 23783510 936434940 129432986 891044703 133326731 759067238 805090750 393846010 895707158 773285066 682629395 68829201 219221301 116077786 1009888418 978576807 641438017 169610131 526023641
226253065 147381635 1009733192 730981142 441127473 1068685129 902159719 362034294 888137773 862283775 338017958 22628013 340658897 130197395 630654134 42912700 324565062 640826151 540055184 214577500 940181002 475921976 880471073 962578486 937098890 1035691007 496051649 546273064 104382506 758339435
980220447 391809923 926256294 896109598 310914840 979419742 492998431 917440954 1036679165 877461802 482469020 413101932 360109925 34299936 186285141 291647287 420363989 406330999 854416866 979161387 721088013 775806082 25986602 601668135 282692574 256034532 1047609668 427797668 402427615 284346209
805428583 869599887 1014763568 659252565 973942038 754651348 897847746 182137879 679510472 128246679 807357794 396531141 578604545 486979889 898367645 336668900 827682136 327305202 213888167 744078157 351257983 316843621 473816217 495813680 483886281 885162661 246466767 823380730 817597230 113843058
775536582 900718787 360197547 657428423 989613149 276818072 35434343 207452155 929686556 379446274 350997024 403659830 201733068 183406655 581133571 783416532 685549740 39396776 872208726 306668169 749911467 1003397486 871981435 563905409 1059652571 635124084 913427898 606299715 882851360 902877678
