# dnet
# From the Magic Point Shop https://people.cs.kuleuven.be/~dirk.nuyens/qmc-generators/
2 # base
5 # dimensions 
1073741824 # supports 2^30 points
30 # maximum bits in an integer 
# The columns of gen. matrices C_1, ..., C_s, one matrix per line:
713031680 1028653056 276430848 620052480 854321152 1063687424 832587680 1045106516 468108990 593634153 455302564 588966884 831404242 508908875 570011537 447011402 58925105 22147102 711520267 1027043335 274395139 619589633 853889316 526625828 556899090 450414731 61695349 22003374 711319143 1026803237
469762048 301989888 897581056 37748736 556793856 872939520 43384832 558432256 339001344 370679808 924604416 51127296 563352320 340279424 371599712 922817680 587236172 352338306 377498053 390075586 934283841 55051268 565463810 341337217 372011844 923021702 587340231 352404675 377528897 390090756
444180378 582771426 386103319 820878768 768469037 464323199 540534784 147816993 431574890 613378415 440641348 585935378 231724032 321626113 957130649 762735301 11922288 24841932 431584074 613353990 440628151 585993112 231593821 321875383 956409753 761948869 9300848 19861196 419525450 636044067
874725940 276345168 1005962939 404842328 44797378 390406220 719975565 573261292 995508545 418874694 907865252 322234891 226350248 200248046 996057078 201936327 719123621 922205246 327333406 761281382 321461212 767251478 664019960 1027015197 482492772 825457823 37181888 54617459 914535782 331364768
1010287484 387092183 210512716 885098740 230022349 551664607 58382349 737801095 851645666 472257767 20236143 1039091209 58775360 44000576 1061407804 1021417497 1044512992 686817112 210706479 885241161 830590908 506889871 1048831907 677547034 209243052 497930786 3673294 3045292 1006772076 389294580
