# dnetup
# From the Magic Point Shop https://people.cs.kuleuven.be/~dirk.nuyens/qmc-generators/
2 # base
5 # dimensions 
4294967296 # supports 2^32 points
32 # maximum bits in an integer 
# The columns of gen. matrices C_1, ..., C_s, one matrix per line:
947128895 1488529116 3978731135 2931849763 4210938584 502635007 3662919845 852128857 1639958780 2134754835 1428547376 2984606626 1591402124 2665611601 1268289064 3169949161 3147648461 1010581354 2113358296 3180276052 1351195577 56580285 3120497070 614931265 1463641273 3179563165 2972468420 4051675002 373256041 1908813088 530741971 1495619119
3392615887 2534911394 607524478 3723512400 1360770206 1818024950 777515885 894480907 1083180597 260805235 1292477317 2896262619 3353793295 1380323384 551318751 888439 2195377371 1155645528 1936078978 2902029095 487788462 2144126258 3431067747 3421851354 732233720 485105613 3768767768 719208812 47464882 2084340613 4112767296 736742133
667368151 2552729384 1787169555 3259102629 3582801204 3250874655 1618733754 947155888 2629999092 1655250816 746933622 1518452634 3281797231 1966864614 4126551640 3613253175 1881537323 3254596439 4190698113 2435311178 164079423 2971390162 2465560484 2122270054 3153863439 1088678649 1278820309 1420912712 3747127751 795885644 845301466 1677064282
2173832870 2109027230 1977838357 1801017767 1249632148 1277826411 2323457360 2482819715 1867609283 715812234 2009092102 4134250211 3278500502 1841822783 1598579537 3299175028 3601161068 1847307466 2899449960 347422089 359709710 599469250 1174534379 777470639 3632456787 1475481173 1777853769 3551824125 2944147111 2511795494 3768688593 2444067232
1545686440 1811318899 1881005549 2794988038 1887698753 632552786 3926200165 1214210184 2155119091 2366099791 2885671046 112080748 35703049 3901141623 858884904 130458464 2654984376 1286792839 2172225960 1827936980 3608681973 3397102057 3125790183 1102971893 2758032146 1230299592 1639270631 722059891 1736671623 3878248740 1899957742 122347320
