# dnetup
# From the Magic Point Shop https://people.cs.kuleuven.be/~dirk.nuyens/qmc-generators/
2 # base
9 # dimensions 
4294967296 # supports 2^32 points
32 # maximum bits in an integer 
# The columns of gen. matrices C_1, ..., C_s, one matrix per line:
3352974976 956626093 2590230518 437260206 3503501256 3839934321 1096244316 2965338001 2791416500 2078507185 3205628335 4129338977 395146310 941171264 2247833155 212519721 2297907344 2497434792 3206878037 1938945892 2738995089 686877352 199032809 1668788316 1893549368 72076514 1397342185 1580564290 3119843198 2778888522 2742296712 3442672048
1587544064 517472256 3055611904 4066142208 622643840 115975008 2045032656 1627089653 4058347766 3272345652 1456718854 319365318 2450058548 4210502220 3461777808 3001616103 3589300350 52629146 3065573412 3697085441 10008320 3491840 996360 775383236 629922748 1592500712 4041021564 2507744922 1296796716 4210722186 3461685420 3940396320
1236289536 3823346144 1389023474 2759549021 274493968 3356345471 2747041017 3749202610 3198321945 3649167561 1762474393 2058821866 1765366728 3988835311 3906963918 3322236727 2398257922 509163943 1765112325 2258056094 39240802 120648724 194529328 1917215303 3239245930 3623115353 1154039629 1177417304 3617092809 2740592952 8760607 2531870069
2047571502 4077788374 4117689676 3393558947 596496139 302491630 2057648468 3353218528 3180955709 756168223 1400934935 4164758734 3285973395 2657579415 1066863985 2463618041 767601917 1263406565 1521400725 187081817 914636860 1414179144 2480904963 2371357295 3007834204 2901287539 130929475 2659417011 3886699793 3412720799 2948634226 763059116
1807562752 2314882384 607452494 1985478915 2789557956 1655771797 3181169313 2004168787 3954806520 3602238875 4282465019 2804978053 458414417 554157618 838171751 565271539 812992062 105284201 706631872 874267055 224966181 447181601 851057851 322245695 2109258083 3629438469 2551836735 327459798 394840199 1984399809 3924823485 2640550326
3622944331 2571826316 3866384516 3507059226 285470535 1956872585 1462917170 157433213 2965629885 244558622 1819754485 620004971 3969045431 3731234808 690210660 73387365 3133498508 257910942 4026406736 2367005566 602424019 815522739 690056541 1859473940 409534484 1284881048 2872018376 1087627815 4120654092 362837133 2689362669 3361226233
3239849630 3078223775 2296010474 251264823 2857758502 2994409052 82342097 2755858097 484010362 3071504910 1323948086 918234370 1642995252 2197980543 753623164 2595786709 967117574 265312128 2192478628 2351749185 3763822386 2183913183 3305941454 1050388708 2860965433 2682292060 1938613267 2572389328 2638522448 1038895879 3482110908 923557966
3007434752 3467963472 233714479 3640464083 2303988170 1901141794 2319354949 3041081407 1812697554 1833551172 221311287 2598398139 240898364 3660341673 884229233 1597462041 3733969241 3761127424 2973752111 1941750523 974754260 802774319 876871354 1264303978 263725515 2746463338 3853005875 653080218 3875837141 528570679 2993946604 2380448937
4093053828 2211880471 2000653464 1708171850 3209513954 3331335460 286140781 2337488346 2949739952 3066847549 2027160683 1716553536 2909128882 3529958917 3595641572 2338486730 2951873655 3210511872 2502592255 1358521266 877547664 589963495 948516334 2184999292 1715142728 1323071714 687415425 1714438533 226488408 1729507845 944739268 583874560
