# dnet
# From the Magic Point Shop https://people.cs.kuleuven.be/~dirk.nuyens/qmc-generators/
2 # base
14 # dimensions 
4294967296 # supports 2^32 points
32 # maximum bits in an integer 
# The columns of gen. matrices C_1, ..., C_s, one matrix per line:
1504702533 2466736156 4156080544 1797236187 2723880470 3380234167 1876360149 2062093758 3821679762 1763753390 2691845006 42670283 2072383965 3637337319 3316967115 2427607050 4277837478 2194602797 1126791255 3824415975 121455740 1357457207 1624405131 1235461614 1233835071 1675771000 630603572 455315798 2322106772 1247818771 1233721262 671752865
1459841047 3182964648 1412373445 3164701472 2555903893 3501798730 1841074161 835277476 3076106971 248254954 2218893935 1686612063 3951980986 3383467418 3860882817 1876225041 1960983833 144456221 1222682425 1354578088 3514181882 1902260827 192907753 1657362489 2825509846 280606032 1020349347 2874237503 4198532034 815578012 8207454 1076315927
88778517 2056103811 1728582082 4185737209 4109726922 3747093674 1077154067 3258094940 2618500885 2106916541 2398299161 1781084371 2766820944 267657234 3113274008 1147201982 2003642126 3976506155 2972846781 2121618275 1941466508 2335945332 953444051 909522298 788444612 928642073 2524138524 2003145391 3042381420 1851619219 2624601136 1663059067
2437372871 2383025519 1984142533 2651619915 3413776700 265851495 2638579403 199548865 1209555255 3570221014 2018909010 3260466691 1046329376 2807254688 3324591487 2350226183 356269477 3521005229 609265605 52952077 1339794244 1634370036 4028868737 3169799075 764505852 3245534172 3771083097 1212082020 2265177809 3824449397 2461205897 3222109912
453300693 3177972883 3104016372 962659342 4236151678 948832115 1700060546 2170201958 824678242 3604382713 3722118002 1074135098 1742272805 224845606 2339787948 3402679111 4150221543 1625531574 2237399779 973351783 2105130400 1138667680 2418416927 2530231072 2552374711 1921884251 326722347 3503727733 627333470 2854423893 3837370261 3257568786
1742199392 690305575 4238266404 2260739063 260325157 1994889602 2787334868 3260654567 2511647298 3546174930 925774956 3836526584 681062281 3712208899 202151679 378658569 521810865 808198401 4178970640 4132299341 1038471249 2155413628 2099770415 468864677 3468001541 283624598 1982460891 2090339954 153943558 384156868 3579539936 1074302650
3049708052 747105265 2356085115 1026818173 3959387274 1695653066 2765248432 3117638077 3415550085 83794509 802238351 3936546815 3494251859 3233457987 3342425543 2389318001 2257776785 2552263718 2828237582 3969109101 3582275340 1366956712 2041044400 1708588460 1565577102 666349750 4058117529 1063347825 1356305337 2006754341 2140012687 1107677051
2206121697 1959617862 715046663 2517907101 3958279639 3752652461 3345662893 3979392329 4030031336 1013877837 3038558460 1825783868 1353183091 96667784 2234246375 2563282232 687474293 2213391491 3991295914 4043917039 3100167147 633629157 1485987045 1950566773 897197319 2499904674 2051925964 2053923884 463947213 324842890 3792137387 3961954930
905012263 589505295 4038930726 2923942234 1764498884 4274738468 3608640926 1448117465 3552574902 3449144062 1352069786 90510004 1362654788 520801102 2522630105 171668465 1298262302 2563289503 2160218691 858310001 3760724014 1903668706 3521886342 3850335706 3748374315 4142761982 1984208645 2185068961 417553835 3033355694 2438542761 3903356595
2760745992 112541300 829556598 1624997683 2001773356 975996031 1310524325 2770808482 306126899 481057731 1222358267 95134043 3745722096 517710700 3564198015 533316398 3036257439 3220363003 1575366383 3582850399 3093140271 2730519626 275340610 876887248 464311149 4039569295 3914320799 2565740551 678460237 2104078944 1246518444 3391419441
4090501934 2793543744 3592449655 998652904 823342837 2822952786 3581745466 3582439015 1497502446 1007266365 4169000813 1546705230 2620882227 3092278855 2808851955 2178061975 430620599 3311395941 2658463147 542888767 3334406233 3177576102 1143200874 3895439038 367649319 4105383762 1737841329 527685210 3093393627 878325933 3080191070 1424774634
3920357564 1566833411 3705025106 3585484156 1243638241 3917728060 1973088499 3668833249 4146143154 3509919150 1931367027 1650752883 1438814550 137140684 745029075 1166651548 1679947666 1626955858 3417140872 3915551136 2884285557 3102189449 104536106 2406694295 1131294579 1023610519 4191471959 1709683415 1610299190 1137368395 4234085738 1778985627
3098968987 3588195013 1445989673 2678995292 3897657471 1110358191 186784730 852801761 3711379967 1512543109 1346301711 1613523166 862564412 727351355 2315030406 3136770195 2695092537 180636833 3475184785 1240307626 2978649708 3973750076 3476391456 2250484229 4290103917 2546818263 3648408942 2432444225 3512482954 3565355005 2541795943 3947546489
3223235609 3478451003 4058022021 2636470746 3896353116 3019150876 3591921351 729598232 2718047780 512393879 3228377103 1585663508 2314985736 1947398471 3592474299 1346744275 3310662958 1309741956 853963479 2977380476 1404505266 1267357086 1894678188 1983825153 1935607460 3540126357 986915635 3293457191 3271488953 456437135 961323751 1794790709
