# dnetup
# From the Magic Point Shop https://people.cs.kuleuven.be/~dirk.nuyens/qmc-generators/
2 # base
29 # dimensions 
4294967296 # supports 2^32 points
32 # maximum bits in an integer 
# The columns of gen. matrices C_1, ..., C_s, one matrix per line:
4247704977 459075503 449053145 3856451042 3871181335 214679893 191695987 2519249653 986241616 3525330591 3958372224 722303483 3766973446 554905604 3775612377 222567160 1171827507 1253156354 3075267511 4204871680 609844354 2272167292 1144972533 3246771087 605888653 958074515 501518094 1694601023 4151795626 3459003587 153275950 1085171421
2167838506 1077244111 4031121902 4132192585 643279866 2967265202 1496726804 3244875909 1573456327 1723507417 2789347043 3480214642 3702323385 3364440915 2912343491 2901412470 437924338 1102538765 1237653451 1163158401 628681025 2473020731 3579633484 1157566936 499396765 3004438311 3286845128 2651384086 2420286809 3101134580 1495873319 1890531413
2738643354 4084851312 2255241336 197490497 2151482053 1738835086 3273033209 911316970 2167410869 786573271 502166399 3574756886 135346935 4068465748 772129520 1542959856 1090176600 4219527675 1491813734 3622284924 1024983998 43807829 2368423074 3511988829 1800708253 2099729257 3650714720 60617058 119371590 1299989632 3455528974 435063435
718314909 1190765590 652235754 4134613905 3511575843 3151706480 109275461 2860115570 3238497426 1040968456 370123384 1694207108 351168234 2633518061 3336437946 1875119977 1793114742 2206074650 2456717607 2235992976 154435033 1406719284 1106793462 2889814515 625999640 1058309917 4116510845 2627408793 1862975473 1605420776 2362727150 1415225455
747170954 674753738 3612068033 2690674440 154447782 2219811713 4045658264 2149290185 71180795 1605368736 3896842613 724429363 3421693344 3693866449 1477429656 78954131 1269495631 3993584978 2904791888 3073008104 135600190 1966572091 3174310383 1647380979 4221916427 2300854374 4073654751 1150575736 489532206 3430999768 4202219815 1942806731
2116516355 3339250736 3659909245 1829190349 1272231860 2653358290 354093492 766442200 931020092 498949691 2949512668 100197777 3010489146 980067591 2053152135 3397702226 310157502 3734167420 2393619725 3504479683 3770682703 1478586856 741223155 3727927628 572209105 165902081 3005107050 606159066 4034068174 1043802001 3452529811 3787878152
1356527884 3885927018 1346321508 838735406 2207311928 877600847 2121750435 3236829472 4210863111 1340078098 3916038449 3291009186 3895488278 3343907896 3408075251 186087127 3897963420 3887810274 3044451807 4174747875 860626155 3205172976 1822255935 117022065 776450925 1393982012 2332758830 2524127705 1326471626 2438622332 1574226608 186884779
1052798459 2763976287 4279236806 3858805 2862878501 139158604 2831572172 1597596728 2313647058 1298338813 1247793125 69406617 1272991609 2519582711 2448887608 2861234700 4290433834 3187422269 3058311061 849615560 301257851 2268896139 3216207811 732098522 3289024259 1096593044 4010981537 1973764973 3595564229 165734580 4187887485 3398826303
3942301738 4257814715 3716611706 2694548017 1007228015 1502718201 3611398777 1339064544 2565620110 2594945907 3793004586 2367768119 1489175920 3197978742 2566471780 3304185851 2076103750 2133482796 2724091706 2106757730 1656307214 1785228518 1908912018 2331508980 3881271326 4145921910 3680025858 3726754019 1192362272 2431354562 1631790641 1666559694
3358255718 3680665377 3113308238 1961745825 3947507662 4005009720 3020752682 3140787516 1641827799 3219574748 2875467672 3752287853 2778264324 1975201976 1427576634 745362675 2391301803 2308658901 103417869 1775578429 2351936693 880562514 2756890831 3152737525 3527011495 2146432438 3949798629 3174897222 442696768 4150432597 40795385 60283340
3834847067 2019481810 2688260635 4075588608 2910087784 1714992174 1283343489 3781013692 3608833580 2895857886 788720654 1002952709 375352325 3545243012 3519352479 1005502815 275696848 1942677707 3801934601 4075563755 259627397 1787327153 2531736626 954992861 2755769854 3946779713 2638212196 836546819 777136091 3421447275 1800284514 3877840346
1151071003 2354698939 1270876992 4132955113 2951004527 2363729857 1692031683 1706207946 1324035283 3251107760 2663924848 3785206441 2017969495 582455310 4088490453 1205342015 2404105887 2861720293 1130163536 272751665 3927334639 387402311 436324856 2766384563 1526617741 474414723 804420099 1757477735 1080048317 3780643255 3690667426 2096442541
3785810931 1409787413 1704956196 2416899557 448608554 3292959930 66415003 4105299617 1154980279 2610845939 2697934989 1055332169 1229352897 62225746 4197566568 1919167027 555742670 3854000420 675506941 2710017015 495896429 1442801613 2773514809 3966372612 2010383365 2650986183 2366278740 3439528061 196126385 501909424 2535576697 1841917490
3661834618 1359343932 3603001546 1505608641 2334614655 2125804567 1915289447 2069657253 1523781958 137802966 3932074463 105486685 3781871570 986267786 2163039727 766231790 2694217115 2887500940 1784626617 2121870866 3120292702 12906974 3608664571 2282928509 4104687158 2058301234 1565953829 1373732497 1338039621 3549155818 385330907 1090332485
939607244 1495108797 4027816289 1432149544 647686387 4155861656 124486006 2013299016 291771865 1792845637 2847265235 1228246769 2913885706 1204889349 1252919408 3743833036 646387272 3511285380 2021663885 1502606524 481389014 4111702922 476498788 647418130 1190084368 3004755343 173262060 2289209073 1505616797 65032840 3890805179 271753857
2827561977 2249412314 1614399655 547134925 2201783328 3790955067 3513958837 3986947160 1339162573 20448603 3850625087 1185772828 1998162189 3268744591 3764445893 2797928489 410110747 1359491463 2615874453 2048957769 1266276043 3271069754 3032643226 4176941796 4219278705 1099270562 2305995184 2045720374 2465399123 2150240354 831432094 3682574562
1081919804 1473879289 659248711 2678880024 773066212 2539640934 2167218187 1259345140 111915743 588747170 2260533010 2105111778 1162696564 1372402805 3653234093 966542400 4253116009 4183169604 2123211561 188641159 3030950054 3121873619 155360762 3652917626 2431455776 2975151356 277784920 4128809063 1012029330 165971704 483940699 3157462156
704554302 1614940546 835325732 3351834838 2070331749 3057773598 693474646 4156808049 3195369372 2349820312 3065702072 1796121067 3583923147 3887328351 606408248 643218976 1578913961 3519495907 4224792362 1263103288 330148155 3675758134 1144074725 649612260 460191936 4267140134 1783293975 697628088 2565676576 2535732948 4012790231 3806991718
4233216488 1449659964 3546646681 2038410676 2809528352 2191244865 2703034905 3582634168 633146925 3986877358 1881750903 1463522437 1443375813 2941111686 3130835636 3461881882 320085818 1606260573 1519835756 2552108657 962510023 1281713201 3925165375 2466185004 685161494 3186245116 909124440 2577550046 1649205683 765176664 3153176389 3846511836
848494370 3842029066 93587543 1475055671 623313566 287608094 1525029059 2928550334 3840961842 249061203 1767089355 1457385534 2385627837 62665667 1762346057 2881180679 2493276440 2404604456 4114665703 1975227998 915926417 295951006 2432177792 2535065913 2612696658 2422981040 1633016967 989371012 2444711807 2548276383 1912963295 3407260302
1784022927 1485077157 2716680170 1570150720 3210437659 920584504 367927809 2166204560 1604734197 969378117 1806390971 204847116 1167681234 95957577 3396838874 3917516978 31571892 2074490040 15573935 2001199159 2545065773 2091257426 2632232346 475971245 562140061 1320319902 761270704 2187868120 3647667356 3434705050 3909182113 2069003683
1713987534 3836501291 1503416135 591138995 2138393171 3665269606 2676018009 2691006281 3282270292 198047337 4210898975 2540440795 391859294 1588544362 631759416 1661810184 3128436929 2328680292 2512118412 1145235801 2170348022 3426826444 27706179 1902976212 297446285 2122186018 508212486 3273176239 2610316008 3279638274 2434788196 3332392020
755517539 650839545 341222709 3403623652 1210770694 4131709281 848427054 3266191633 2584399354 3102566502 3264310615 1952421181 2924653943 4147255962 3029548176 2192540212 2089569402 762699827 3912650329 3837295282 3004565827 1512812456 1570121049 3344219225 1779381532 369608997 3380493900 2956985880 42350798 3825832515 2359028224 1175180848
1811129950 127179542 3700451558 740472370 462153461 1234548249 3119729732 2780855245 1753551765 3319499447 562305261 986070987 1350265572 3856690893 2709666117 1233176873 272469835 4021466893 1521515598 695113536 3625192108 2676692749 3088639176 2582213175 350781499 3266312326 684794730 2145369699 2582712070 4232634049 2335285501 710959559
1198266310 64737282 1570955134 3436352107 1304040227 4217705007 64143500 922063019 2444814990 117638022 11178477 924657727 2149605738 723835091 2669165600 2749759754 3954319855 3842064217 1005944749 3296487955 1759234228 1583572107 3830304137 4233199775 3107886136 3134130057 3207189672 3725391781 3126491608 2048639966 2967342503 205135119
3093681888 353886256 129015873 926504645 3314329741 2883793585 1637075633 3032876304 1779378239 2599296251 1340315361 1647805658 3877223531 1749204821 314001337 1660444342 2722259871 4036723925 173186370 1584402651 4074059796 4249363800 3859540149 1051650171 4114138316 492098094 703374355 2095272769 4077640775 3874311742 56445335 1059646990
2795956205 4106470083 2368850609 67669669 3491758770 4012407147 1833552839 2975766461 1657574607 3908801267 2433428895 3015215512 1017253653 4247329664 158030235 839924561 500492169 3512084164 3610897162 844069857 1100711361 1390776455 4142233493 3976008379 3935149612 2052877877 2066551380 2754416878 593383230 2789751260 710496095 1815759828
341493413 164106776 1742062011 2232974110 1900451033 470922774 2084468020 2487085764 4134393595 3775887213 1894792564 1566448752 1063236167 2095234532 1458514058 1482813686 289028387 394894679 1950865557 1813994504 3301814455 24866462 765734622 4270611046 2793561549 46541490 3463927105 2996956461 3770737731 898801608 2970727717 471995050
2711685950 3797553378 1678671884 421996742 4136709666 4114151190 609506570 4255664010 3624293877 2286579111 499503046 1838827057 1602007720 44700659 3920347532 2011319837 1696133804 1111282516 1325280543 418231525 3110921537 1798881054 3532276896 1240759543 774924098 162085551 953436680 2793088783 3843489850 638860748 1604032903 3363839204
