# dnetup
# From the Magic Point Shop https://people.cs.kuleuven.be/~dirk.nuyens/qmc-generators/
2 # base
7 # dimensions 
1073741824 # supports 2^30 points
30 # maximum bits in an integer 
# The columns of gen. matrices C_1, ..., C_s, one matrix per line:
644587520 320281088 403904282 548421841 437785367 394981521 506554803 530293121 648244152 185106849 11569178 557480225 973123720 361462440 504459536 142843915 545798656 337900032 1040972186 196311331 413671560 562725384 572041248 35752578 2234536 139658 8728 556888961 973078562 898331042
685031084 856664270 430555838 298298601 984050532 453855559 613834890 991631314 1068941538 74048175 151788468 813918083 973205740 441353078 646982048 835775508 562397940 735494680 129726984 352099622 830745068 555559847 2216356 5036425 10885656 21140430 33858208 537335420 453587814 441440925
628217850 325454664 998314354 268731841 453835512 758493955 558219927 493683099 988488409 366666052 736178184 809509177 462094524 742319014 574824549 633529913 188824518 221007958 560132781 96960952 818606902 554926544 52675512 80590561 139458802 290959604 589418696 537223600 999014834 742375611
448749995 998890424 413198730 94371370 334225648 107954880 955423729 849826956 143809279 92746299 191107394 559297372 464313148 388043114 458511115 558604207 53072112 660938837 995508297 349305116 810412340 538757973 2568240 4249692 9384126 18320328 58841356 827833309 992673974 371872246
990132955 386692475 335605549 861087837 982651609 84928281 6917107 513462859 927225443 147357176 230147361 580863685 400855275 1050928175 593828120 332815393 779729968 513430758 591690417 173375938 441512876 572594787 53330721 44572176 63823260 35170609 51159688 719696755 445730208 84769844
499122176 447741952 925761536 176029696 962341888 302734336 376373248 62016864 205310848 834126720 762654859 423141431 399325739 730034628 911033337 334795476 777243070 197128747 913256528 3945220 923566130 431370928 537112076 826011012 764805349 994803843 602680533 293929560 443642261 284450072
394486004 974886838 170929084 939407551 831916941 1059229394 328736998 51297358 557459938 178298032 143307296 901863802 967646216 901529372 455215978 1069593776 999700512 925375062 328241918 10271058 176291970 34081282 134219784 178954250 142772744 167903914 134744194 896126085 958899621 1068804408
