# dnet
# From the Magic Point Shop https://people.cs.kuleuven.be/~dirk.nuyens/qmc-generators/
2 # base
16 # dimensions 
4294967296 # supports 2^32 points
32 # maximum bits in an integer 
# The columns of gen. matrices C_1, ..., C_s, one matrix per line:
1350488142 1339441617 2171450915 2989512464 4242082949 1424755682 4137127180 2068298804 214419452 1835339511 1196981380 3602330763 2040140441 4032185236 688957905 3582800591 3984920316 1262107140 1423487350 3460703813 1288679913 1020658911 3701742989 68664210 1875523928 3235510181 3382295552 3748479247 1862430311 1393087847 1659051934 1161602741
1500524333 3519902868 4293324357 1127862221 3754303526 2130287263 3325548575 49437960 3167931468 4248244152 3172220707 990985386 3343583026 1353239704 3848221437 1458884852 1759614170 1539630168 4173867567 1753633008 2271456766 712959099 2017808857 464118284 3093819362 1752184848 948347168 3185545232 436123986 2818923441 1940568767 4218189247
2464165352 813009600 3405076525 3870800705 3024083365 1945701304 451574944 2887539105 3202927519 3559314682 1169323372 2812774366 2119171828 1764536664 849391619 4053350402 3077891866 3550852908 4279156807 3949084149 597002817 518998421 3119898643 3946270292 1420856487 3864115591 2222227745 2577075625 1603942708 2879242067 1846452626 81604365
2813283817 3888079333 25061167 3495942639 1340288577 418701057 906139508 1379447665 21673637 745308635 245079084 2280871370 2955553219 1884792897 468810057 225123259 3119339829 340637696 1923382137 2654676318 1168142735 2036896111 2252008426 3052306575 601814510 1502491703 2170537471 941178573 820248062 1217571897 3290373995 1019235310
3672663179 738399144 465913373 4053050352 2790903075 3483021805 1341941604 662208603 2167285536 1738943512 3845324509 1391264006 3212278647 2320649623 183531542 230131385 82787877 2495876459 3122389635 1394887124 1632644957 3959628854 3332543039 4191972078 2144412122 1408397674 2521136208 1222615510 134323603 3711393425 3062060629 1974985093
427429960 1537941252 3638436526 1980726386 410374288 3619901381 3723129483 3492391782 818761374 1753431138 1095066679 3844308171 1836216328 143081463 3026964085 48770300 1043746246 1677962700 2316427916 4126146142 1540957505 3850765208 1688898079 909298930 2810737328 1799362995 2903593810 3186960381 901492724 3512840237 3476957427 2798660951
920825316 3306474499 544169377 3080283287 3479092025 2456984076 518982814 1388646069 3502816099 765264673 91070041 1743728204 2820787675 1319344793 3545325428 4251723635 1178433938 2658337231 3667839073 3342757174 392610815 3437890136 4152420955 2099683984 4198325856 382830599 265117979 1176252770 4204911115 805711623 1910691998 913113774
732361432 1564554890 3376299321 2251266868 2852354543 2826801742 2504727809 1526899483 1184310751 2468244706 1216897980 3343275363 2834476634 3062940312 3118057753 2939099294 2673972870 3148148031 3879235662 1036892812 1835736257 647205933 454611393 3632846590 2037392526 2515490229 3552490303 2429774170 3836559245 1892372826 297855666 3202148561
3930494175 193086437 2870683612 99842245 1642650007 661268829 2659572026 2509543437 1809081682 2736049262 3890029157 588099491 887472786 3739375218 4196501258 1458345738 2276645714 826815390 2786962212 202558645 704569824 2619995200 902192197 3720710809 2974008269 783834034 1397162666 1981925997 1366720061 3562322208 2351318892 3056886188
2176248635 1190300383 1448538771 1018476952 1036105935 153101109 3210288235 4173196241 934378763 732782100 1882080040 4288962629 3202356228 393492972 2052020150 2253522718 3826660252 800776334 2416866149 1199675605 1396090755 799265703 649247705 882932922 3279146826 1902081400 387284793 3772251966 3116017071 3275560841 2244448643 3431617020
553961760 4215761293 2972545807 3795452224 3608650586 3538354412 1486245289 1060698024 3803257913 1346655928 2718992288 2512306878 3071993872 3999367494 3787015685 2576003781 2614895576 3301379342 1119883481 444481040 911602199 815703048 2264167786 1232226385 3300639591 2981158060 4243591019 3170538493 2066386173 1042224967 2545800519 1007192745
988792208 4051410291 4014969093 2548753504 527960539 1236069326 288892950 875285599 3560017142 2939451404 3831793312 3365363741 72739224 4006795760 1159426116 1724488049 1744231001 3660147422 4204887392 1932499056 1381834672 3122743346 1184671500 3705805727 742037440 2052054156 3173635369 854067086 3536294724 2110072277 2737552909 563981483
1166451737 813520463 1301251686 2855416664 1191643609 125753483 2769805382 513643071 2431733452 2217361927 3164756947 723146508 538076670 2188642520 1679675812 840500594 3973879094 62817994 2626421765 281995237 3922470599 3197847582 4255634902 147699687 2456101220 310545951 78749764 745841021 614944835 2919999352 1302766392 961772257
3495402096 4239489035 2398831619 17749589 2275659013 916118097 3383688385 3359777615 480467853 1861236509 2115858637 467661844 343214597 3483638182 894297060 764867432 1581653484 3577656224 877810187 3683960712 2728435134 3571967886 1286554487 3114880334 453593006 3972620569 3099029465 1705125625 2755161132 2953365724 3100140251 659424930
1201294637 3129756482 2549540443 4031817898 2939630857 4279576745 2211672800 471751391 293732361 1298469248 3192378084 1774491433 118250059 2832188236 2476262919 1773676939 1589562133 2088243146 329663087 4066538885 1409023970 462978561 2379755255 970546668 3274121314 355583639 3068295462 2223083616 3916281665 3320650376 2615013045 1337711719
2184001756 902586271 419562097 567609908 1379408134 3672119904 1536334372 4257389404 3362870512 2116395527 438774686 2110015056 3043603501 1532024390 3086837486 2700745070 3439052274 3803599678 201264039 1204926805 2346996957 3562567778 1006619995 1851005727 1433514202 3203767718 1908158319 1563838149 1991719741 3031883916 2418283161 2149785870
